Storage
position: 0.466482
scale: 0.3544695
rotation: 0.3560055
opacity: 0.155494
hash: 25.19984
mlp: 0.0512
total: 26.583491 MB